64 28 56 22
50 33 14 2
65 28 46 15
67 31 56 24
63 28 51 15
46 34 14 3
69 31 51 23
62 22 45 15
59 32 48 18
46 36 10 2
61 30 46 14
60 27 51 16
65 30 52 20
56 25 39 11
65 30 55 18
58 27 51 19
68 32 59 23
51 33 17 5
57 28 45 13
62 34 54 23
77 38 67 22
63 33 47 16
67 33 57 25
76 30 66 21
49 25 45 17
55 35 13 2
67 30 52 23
70 32 47 14
64 32 45 15
61 28 40 13
48 31 16 2
59 30 51 18
55 24 38 11
63 25 50 19
64 32 53 23
52 34 14 2
49 36 14 1
54 30 45 15
79 38 64 20
44 32 13 2
67 33 57 21
50 35 16 6
58 26 40 12
44 30 13 2
77 28 67 20
63 27 49 18
47 32 16 2
55 26 44 12
50 23 33 10
72 32 60 18
48 30 14 3
51 38 16 2
61 30 49 18
48 34 19 2
50 30 16 2
50 32 12 2
61 26 56 14
64 28 56 21
43 30 11 1
58 40 12 2
51 38 19 4
67 31 44 14
62 28 48 18
49 30 14 2
51 35 14 2
56 30 45 15
58 27 41 10
50 34 16 4
46 32 14 2
60 29 45 15
57 26 35 10
57 44 15 4
50 36 14 2
77 30 61 23
63 34 56 24
58 27 51 19
57 29 42 13
72 30 58 16
54 34 15 4
52 41 15 1
71 30 59 21
64 31 55 18
60 30 48 18
63 29 56 18
49 24 33 10
56 27 42 13
57 30 42 12
55 42 14 2
49 31 15 2
77 26 69 23
60 22 50 15
54 39 17 4
66 29 46 13
52 27 39 14
60 34 45 16
50 34 15 2
44 29 14 2
50 20 35 10
55 24 37 10
58 27 39 12
47 32 13 2
46 31 15 2
69 32 57 23
62 29 43 13
74 28 61 19
59 30 42 15
51 34 15 2
50 35 13 3
56 28 49 20
60 22 40 10
73 29 63 18
67 25 58 18
49 31 15 1
67 31 47 15
63 23 44 13
54 37 15 2
56 30 41 13
63 25 49 15
61 28 47 12
64 29 43 13
51 25 30 11
57 28 41 13
65 30 58 22
69 31 54 21
54 39 13 4
51 35 14 3
72 36 61 25
65 32 51 20
61 29 47 14
56 29 36 13
69 31 49 15
64 27 53 19
68 30 55 21
55 25 40 13
48 34 16 2
48 30 14 1
45 23 13 3
57 25 50 20
57 38 17 3
51 38 15 3
55 23 40 13
66 30 44 14
68 28 48 14
54 34 17 2
51 37 15 4
52 35 15 2
58 28 51 24
67 30 50 17
63 33 60 25
